nios2-terminal: connected to hardware target using JTAG UART on cable
nios2-terminal: "USB-Blaster [USB-0]", device 1, instance 0
nios2-terminal: (Use the IDE stop button or Ctrl-C to terminate)

filename is: V1_72.MPG

Next file: V2_120.MPG

Next file: V3_300.MPG
Play
7468
6939
6962
6808
7298
6840
6801
6803
6818
6864
6926
6803
6874
7226
6910
6816
6837
6929
6803
6915
6913
8782
10455
9818
6977
6922
6909
6872
6882
6821
6961
6890
6974
6811
7282
6878
6985
6898
6874
6954
7073
6851
6951
6869
7131
6941
6936
6899
6805
6915
6963
6809
6825
6828
6980
6807
6821
7332
6799
6822
7142
6963
6894
6817
7174
6871
6824
6801
6823
7194
6910
6803
6809
6908
6803
6967
6805
6954
6809
6807
7199
6808
6803
7113
6830
6935
6962
6812
6952
7142
6894
6839
7182
6900
6864
6972
6888
7001
10325
7023
6850
6949
6803
6811
6972
6874
6965
6807
7027
7125
7069
10231
7583
7168
6830
6803
6934
6873
6982
6940
6826
6801
6801
6957
10667
6818
7223
6901
6882
7005
6801
6958
7024
6997
6878
6807
7250
6926
6891
6942
6915
6825
6807
6807
6933
6803
6878
6911
7207
8304
10266
9819
6999
6873
8345
6878
6927
6801
6949
6801
7025
6887
7074
6802
6954
6850
6844
6801
6823
6803
6897
6884
6801
6845
6985
6801
6958
6847
6801
6916
6901
7037
6843
10970
7183
6820
6958
6886
6986
6819
6821
6978
6823
6900
6831
6974
6922
6941
6819
6839
7433
6818
6896
6815
6909
6984
6849
6866
6840
6799
6893
7134
6806
6917
7304
6797
6821
6807
6807
6807
6929
6801
6807
6993
6806
6955
6942
7172
6806
6911
6884
6891
6870
6963
6904
6919
10621
7084
6803
6972
6809
6821
6973
6894
6927
6803
6818
6981
7506
6879
6941
6857
6801
7169
6940
6875
6977
6838
6992
6864
6801
6910
7102
6989
6804
6829
6835
6911
6831
6946
7198
6955
6922
7142
6806
6895
6914
8699
10517
9791
6905
7228
6810
6944
6802
7199
6911
6870
6887
6999
6879
6893
6828
7032
6803
6969
7051
6801
6807
7133
7081
6914
6796
6790
7118
7036
6818
6877
6927
7210
6825
6845
6879
6867
6900
6908
6883
6799
6833
7240
6831
8780
10605
9462
6873
6968
6878
6803
6849
6799
7113
7148
6896
6911
6958
6838
6949
6878
6947
6931
7023
6965
6875
6965
7145
7061
6892
6822
6887
6975
6947
6878
6964
6893
6995
6801
6845
6799
7341
7939
6869
6801
6828
6801
6910
6851
6864
6990
6847
6799
6863
6841
6890
6881
6801
6925
7141
7090
6891
6895
6801
6959
6981
6815
6977
6965
6817
6983
6860
6929
6855
6901
6875
6962
6836
7034
6831
6871
6804
6801
6801
6928
6866
6874
6803
6982
6845
6884
7073
7070
7120
9533
7304
6909
6836
6923
6855
6926
6885
7085
6843
6877
7205
6887
6887
6830
6893
6977
6880
6953
6890
6907
6918
6855
6856
6832
7134
6879
6922
6801
6860
6911
6801
6801
6887
6902
6939
6803
6803
8454
10361
9835
6829
6889
6878
6803
6865
7125
6974
6824
6898
6801
6886
6877
6842
6799
6807
7524
6974
6851
6953
6857
6970
6848
6981
6812
7194
6953
6869
6964
6868
6943
6908
6920
6801
6927
6911
6803
6821
6969
6859
6943
6863
6910
6831
6971
6879
6902
6872
6896
6932
6900
6834
6909
6803
7077
6971
6865
6983
6864
6840
6799
6806
6919
6837
7084
6799
6839
6893
7017
7091
6877
6940
6803
7106
6950
6884
6801
6840
6840
6801
6848
6859
6836
6803
6825
6803
6839
6943
6900
6903
6880
6981
6846
6880
6803
6801
6837
7048
7132
6844
6870
6804
6905
6927
6878
6943
6922
6890
6935
6884
6801
6896
6801
6877
6803
6829
6892
6865
6860
6977
6852
6951
7233
6928
6851
6954
8625
10647
9788
6977
7115
6801
6802
6801
6934
6888
6980
6801
6876
6923
6905
6872
6870
6990
6840
6878
6966
6869
7152
6974
6808
6815
6817
6819
6803
6930
6940
6945
6841
6831
6882
6882
6875
6869
6939
7127
6977
6821
6887
6799
8628
10477
9834
6867
6960
6881
6871
6803
6915
6846
6799
6833
6874
6913
6820
6958
6848
6978
7211
6797
6841
6801
7062
7115
6897
6903
6844
7228
6823
6877
6809
6896
6931
6891
6929
6893
6902
6917
6805
6904
6862
7014
6850
6872
6840
6894
6957
6978
6848
6881
7054
6938
6899
6912
6924
6855
6944
6880
6945
6892
7017
6985
6819
6968
7297
6835
6805
6843
6799
7164
6931
6875
6874
6809
7007
6871
6964
6918
6835
6968
6801
6801
6917
6801
6902
6863
6947
6963
7120
7078
9576
7441
6949
6834
6936
6968
6810
6900
6944
6879
7129
6954
6846
6891
6913
6925
6883
6801
6906
6891
7155
6899
6801
6803
6940
6855
6803
6871
6803
6850
6865
6884
6941
7178
7118
6804
6813
6980
8372
10004
9811
6854
6990
6845
6932
7110
6915
6842
6978
6805
6902
6844
6962
6878
6891
6990
6843
6877
6962
6870
7134
6968
6855
6821
6801
6944
6861
6969
6803
6953
6856
6958
6878
6895
6997
6845
6871
6954
6852
6976
6844
6956
6849
6860
7036
6953
6885
6960
6950
6849
6868
6814
6965
6865
6997
6803
6917
6902
6875
6908
6810
6945
6877
6896
6883
6801
6922
7144
6978
6845
6968
6801
7116
6804
6898
6868
6965
6958
6841
6838
6939
6836
7110
6804
6904
6850
7064
6991
6836
6949
6803
7117
6804
6803
6874
6896
6962
6878
6947
6892
6910
7134
6869
6965
6947
6877
6960
6837
6853
6835
7171
6869
6947
6850
6958
6833
6887
6883
6858
6834
6950
6861
6962
6866
6909
6895
8718
10489
9457
6906
6991
6934
6845
6990
6862
6869
6837
6897
6928
6886
6964
6937
6894
6941
6887
6935
6868
6969
6873
7149
7084
6868
7026
6890
6939
6895
6885
6994
6931
6840
7046
7092
6878
6932
6894
6890
6803
6803
6950
7146
8879
10417
10150
6833
6926
6925
6945
6843
6899
6896
6896
6959
6865
6909
6847
6956
6866
6951
6862
6801
6869
6992
6860
6942
6843
6825
6814
6803
6803
6803
7166
6882
6929
6870
6955
6883
6971
6857
6926
6903
6954
6844
6847
6801
7054
7096
6879
6947
6801
7065
6813
6890
6887
6801
6920
6862
6841
6799
7186
7006
6810
6847
6814
6980
6969
6847
6807
7047
7117
6894
6908
7163
7177
6955
6869
6881
6799
6973
6860
6971
6805
7088
6799
6806
6801
6801
6920
7073
7283
7070
9581
7441
6953
6829
6963
6851
6941
6874
7067
6808
6958
6932
6863
6986
6857
6880
6838
7037
6823
6837
6801
6801
7034
6933
6897
6926
6881
6914
6803
6867
6899
6839
6899
6832
6942
6876
6930
6934
8651
10032
9565
6899
6801
6944
6854
6971
6820
6874
6803
7016
6851
6919
6803
7058
6980
6869
6978
6830
6965
6886
6980
6801
6862
6823
6802
6803
6827
6801
7111
6898
6930
6803
7078
6829
6877
6843
6876
6951
6859
6976
6851
6957
6936
7159
6850
6898
6890
7039
6837
6863
6982
6862
7187
6929
6823
6803
6899
6968
6885
6949
6852
6843
6966
6842
6799
6801
7058
6825
6841
6858
6801
6803
6854
6981
6854
6846
6946
6904
6881
6884
6801
7133
6846
6801
6912
6855
6976
6932
6889
6801
7142
6984
6837
6843
6878
6928
6926
6892
6865
6839
7199
6844
6874
6841
6907
6927
6879
6809
6801
6801
6960
6872
6966
6840
6964
6829
6927
6854
6863
6801
6909
6875
6978
6869
6885
6948
8654
10235
9594
7046
7044
6798
7021
6919
6857
6873
7075
7069
6881
6799
6885
6970
6948
6876
6977
6875
6988
6835
6842
7271
6793
6905
7188
6922
6864
6979
6866
7073
6957
6853
6803
7165
6988
6845
6914
6853
6959
6805
6901
6854
8904
10386
9756
6859
6976
6852
6963
6872
6907
6857
6958
6834
6932
6834
6915
6819
6939
6879
7022
6801
6840
6799
6859
7054
7073
6840
6896
6801
6811
6849
6801
6831
7052
7169
6908
6864
6875
7022
6839
6834
6889
6881
7035
6936
6879
6919
6823
6930
6890
6956
6943
6852
6981
6839
6866
6835
7037
6831
6842
6799
6803
7193
6919
6864
6877
6805
6974
6858
6931
6914
6805
6932
6886
6886
6835
7053
6833
6832
6803
6803
7159
6910
6853
6931
6870
6954
6850
7062
7292
7071
9590
7441
6944
6843
6948
6801
6906
6865
6952
6866
6884
6799
6976
6937
6886
7048
7219
6833
6870
6803
7137
6860
6938
6870
6955
6803
6902
6825
6933
6863
6862
6874
6927
6935
6893
6951
6865
6870
8484
10125
9817
6854
7044
6859
6919
6914
6824
6964
6863
6868
6830
6909
6859
6868
6840
6901
6883
6931
6871
6947
6875
6989
6844
6821
6921
6877
6949
6885
6869
6838
6868
6975
6872
6955
6933
6916
6892
6875
6935
6875
6933
6879
6937
6853
6972
6893
6918
6864
6959
6974
6832
6946
6888
6909
6902
6914
6917
6879
6932
6854
6931
6894
6906
6887
6980
6858
6850
6848
6951
6864
6957
6859
6912
6884
6955
6921
6889
6953
6891
7035
6973
6829
7468
6864
6949
6872
6959
6886
6916
6852
6807
6907
6940
6870
6891
6879
6891
6985
6851
6855
6801
7191
6889
6862
6836
6801
6801
6890
6887
6801
6902
6894
6915
6803
6838
6847
6952
6835
6862
6844
6938
6882
6978
6870
6946
6971
8448
10581
9766
7046
6799
6849
6801
6803
6924
6866
6969
6813
6963
6805
6882
6877
7038
7169
6926
6835
6887
6998
6842
7474
6800
6909
6997
6831
6900
6847
6974
6866
6932
6850
6929
7206
6981
6864
6853
6914
6907
6875
6955
6857
8542
10899
9992
6864
6870
6971
6867
6908
6962
6862
6964
6860
6943
6837
6919
6813
6946
6886
6949
6880
6943
6882
7040
6875
6939
6827
6893
6914
6831
6886
6801
7133
6943
6844
6893
6873
6914
6849
6799
6867
6841
6799
6798
6866
6839
6941
6885
6981
6866
6885
6839
7030
6803
6801
6801
6817
6803
6803
6918
6886
7284
6916
6822
6961
6977
6807
6971
6875
6972
6833
6807
6883
6799
7138
7115
6804
6810
6944
6931
7044
6996
6857
6896
6951
6817
6913
6849
6993
7122
7076
9576
7441
6950
6829
6952
7179
6806
6849
6940
6803
6907
6908
6886
6939
6905
6952
6891
6899
6887
6910
6903
6869
6938
6878
6995
6868
6946
6861
6940
6905
6845
6958
6878
6892
6891
6881
6839
7144
8486
10064
9765
6830
6945
6929
6854
7183
6847
6908
6941
6871
6931
6842
6836
6833
6971
6847
6799
6931
6925
7019
6943
6895
6842
6825
6812
6805
6978
6805
7051
6994
6885
6837
6896


nios2-terminal: exiting due to ^C on host
