nios2-terminal: connected to hardware target using JTAG UART on cable
nios2-terminal: "USB-Blaster [USB-0]", device 1, instance 0
nios2-terminal: (Use the IDE stop button or Ctrl-C to terminate)

filename is: V1_72.MPG

Next file: V2_120.MPG

Next file: V3_300.MPG
Play
395305
391979
392006
391241
390780
391931
392094
392222
391982
390880
390771
392577
393061
392435
391344
391177
392654
391984
391566
392074
391470
392146
392253
392087
394603
391951
392252
391541
391886
391835
392130
391927
391372
392164
391367
392466
392593
391448
391747
391632
392066
391422
391493
392044
391801
392923
391671
391503
394937
2156359
391595
391750
391886
392146
2146184
391922
392036
392043
392972
390837
391951
392121
391289
392241
391327
392166
392704
391854
391871
391358
392140
392297
396060
391996
391491
392063
392212
392302
391950
391356
392031
391937
392044
391469
390846
391928
392621
392064
392174
391980
390819
391480
392056
391313
391791
392108
394970
392064
392193
391340
391345
392103
392106
391883
391986
391672
392044
392110
391997
391537
392725
392367
392190
392808
392108
391528
391496
391413
392168
392000
394176
392142
392062
391166
391490
392078
391968
392178
391983
392056
391925
560538
392229
391800
391859
392030
391501
392005
391921
392599
391643
391361
391931
392114
394901
392150
391800
391879
390633
391894
391218
391874
391365
391964
392054
391185
391732
395087
392053
391494
392422
392248
392266
392439
390932
392243
392326
392275
392272
392189
391857
392353
392146
392507
391013
391642
391662
391356
391628
391539
391517
394947
392190
391502
391635
392159
392333
392014
391983
392065
392101
392412
392178
392332
1371984
390917
392164
392163
1077730
678226
392213
392215
391579
392311
392220
394860
391638
391496
391912
1289942
391992
391962
392553
392161
392272
391538
392199
392154
392167
391996
391813
391556
391286
390896
392142
392108
392286
392048
392063
395384
392753
392110
391241
2086545
392107
391907
391410
392375
391603
392001
391232
391358
391615
392094
392074
391987
391461
392029
392049
391989
391283
391905
392704
394924
392161
391988
392007
392075
392028
391952
391910
392671
391697
391930
392232
392128
391494
392001
391979
392808
391972
863688
391919
391960
392167
391462
392079
395257
392072
391420
391999
391669
391578
392107
392285
392604
392118
390842
391958
392174
392218
392085
391508
392144
391984
390583
391461
391940
392010
392039
File End


nios2-terminal: exiting due to ^C on host
