nios2-terminal: connected to hardware target using JTAG UART on cable
nios2-terminal: "USB-Blaster [USB-0]", device 1, instance 0
nios2-terminal: (Use the IDE stop button or Ctrl-C to terminate)

filename is: V1_72.MPG

Next file: V2_120.MPG

Next file: V3_300.MPG
Play
14807251
14795520
14822211
14863772
14846241
14872063
14839801
14877932
14875569
14850218
14874032
14838761
14840049
14818651
14864942
14835514
14917393
14817847
14811583
14854742
14857200
14866380
14853598
14809239
14794336
14865955
14826809
14823448
14808704
14905552
14879325
14809746
14809592
14843592
14822399
14839717
14871103
14802333
14860748
14921761
14815962
14852812
14823771
14852279
14860381
14829209
14827479
14795275
14804759
14892976
14857106
14790104
14810008
14858387
14875992
14906303
14857781
14812055
14842322
14828826
14820551
14831559
14821202
14811570
14852467
14846948
14833622
14835585
14818565
14807882
14849612
14811557
14855821
14816328
14864820
14863807
14848382
14885573
14809051
14833596
14840593
14877183
14892885
14865924
14872305
14837010
14835145
14844728
14833502
14825318
14833292
14821160
14819792
14836198
14796584
14796020
14869752
14842160
14830956
14823356
14832051
14877497
14831127
14808423
14857301
14820530
14818540
14852023
14871220
14853842
14850547
14810821
14813954
14807820
14835976
14853868
14834467
14813906
14832314
14804658
14829431
14844991
14820677
14814011
14846685
14867720
14852346
14914705
14784764
14804870
14845936
14850319
14813776
14871014
14858305
14810073
14789421
14858961
14839894
14859135
14800348
14838120
14805852
14834709
14832881
14828197
14873112
14828846
14828682
14830844
14847289
14814045
14823615
14809461
14827853
14793358
14836916
14881749
14819342
14816497
14792254
14796878
14791136
14776856
14865683
14796235
14838066
14833083
14777938
14797237
14810957
14808501
14859849
14845738
14823515
14886076
14817094
14810270
14760159
14827338
14748715
14821823
14795803
14849714
14864040
14856200
14780919
14786465
14788989
14797882
14759215
14809835
14855259
14783652
14879536
14837759
14810861
14791902
14787567
14785095
14772378
14835733
14822971
14832120
14807884
14852726
14907418
14816943
14810549
14808479
14932184
14800002
14810562
14829566
14792615
14798737
14891860
14792681
14845368
14867080
14813302
14856105
14786832
14819337
14865654
14815990
14869955
14861186
14866723
14808646
14806772
14886941
14864706
14798233
14782538
14847526
14835196
14814416
14861124
14866702
14859931
14806267
14799709
14851464
14807627
14790932
14838841
14803444
14804146
14859614
14786538
14847892
14800852
14799489
14820311
14860442
14898222
14901248
14904674
14829607
14868503
14828004
14794175
14839307
14821002
14905983
14820308
14794266
14800330
14903359
14787327
14828874
14812090
14797942
14808129
14785940
14843409
14854064
14821365
14843658
14788744
14803988
14859996
14783768
14779669
14775113
14849841
14970600
14792661
14814621
14851495
14835998
14822008
14798809
14798946
14860514
14799292
14794086
14830021
14839458
File End


nios2-terminal: exiting due to ^C on host
