nios2-terminal: connected to hardware target using JTAG UART on cable
nios2-terminal: "USB-Blaster [USB-0]", device 1, instance 0
nios2-terminal: (Use the IDE stop button or Ctrl-C to terminate)

filename is: V1_72.MPG

Next file: V2_120.MPG

Next file: V3_300.MPG
Play
44673191
44599472
44662778
44818350
44658020
44691501
44644282
44796124
44796808
44708877
44734770
44738916
44635541
44649450
44720459
44647292
44833467
44609247
44597636
44675075
44780062
44709879
44730276
44679450
44672961
44669854
44643926
44635201
44645418
44775492
44724310
44672091
44673509
44738693
44740666
44750433
44790201
44634140
44639499
44832329
44722444
44685171
44661504
44784500
44731713
44770360
44756957
44685705
44673820
44771989
44703669
44618521
44644410
44707419
44819373
44774825
44721936
44669850
44705490
44659774
44674922
44721628
44695696
44689721
44789624
44785795
44841134
44699112
44761572
44716611
44796300
44697219
44712181
44648027
44784678
44789201
44702429
44680057
44757474
44654558
44664287
44788758
44710231
44663234
44686289
44659246
44650506
44644775
44711326
44646683
44642107
44656144
44621053
44682909
44671688
44637151
44788814
44704755
44778751
44675758
44651746
44739241
44635536
44751290
44659073
44680197
44635604
44785135
44717910
44713279
44735929
44698168
44744230
44772527
44690864
44729302
44681829
44613367
44654483
44748124
44706529
44795704
44769769
44766130
44641720
44655589
44726890
44699135
44609213
44771973
44634118
44715280
44681781
44710140
44792673
44596273
44657844
44804869
44662671
44763912
44618032
44782111
44608250
44703382
44688728
44656733
44672242
44641642
44642668
44619059
44681615
44621931
44688802
44784313
44709531
44613185
44661642
44737826
44691791
44740817
44664686
44686537
44600063
44648046
44702416
44702911
44663393
44762731
44600214
44671859
44691136
44572346
44668725
44677863
44756080
44825038
44683192
44665784
44894989
44786282
44849861
44702712
44620291
44711891
44665279
44584822
44650944
44637884
44576685
44668954
44643756
44639833
44788378
44632457
44831314
44701999
44757638
44672336
44591041
44652190
44590065
44706727
44688886
44787273
44615151
44854731
44833811
44670852
44682491
44607685
44841328
44682993
44594538
44696863
44617259
44670445
44860794
44686010
44682733
44726162
44824140
44806492
44609160
44642544
44831299
44651828
44804926
44790336
44806115
44694383
44671981
44825181
44816637
44587609
44688316
44649948
44712523
44707369
44801782
44827134
44795906
44694898
44675410
44711140
44677644
44672647
44709351
44685345
44623595
44719826
44673442
44713543
44618486
44673361
44700123
44807470
44828334
44838761
44823348
44711864
44820669
44700143
44684704
44728367
44699014
44854764
44696620
44680214
44685251
44855593
44660984
44695915
44673069
44676721
44678977
44640652
44695902
44715085
44685831
44682054
44690603
44695776
44734916
44722460
44717908
44653666
44721200
44902460
44671028
44664426
44724183
44709401
44691381
44666527
44674728
44672607
44669124
44682927
44686289
44684443
File End


nios2-terminal: exiting due to ^C on host
