nios2-terminal: connected to hardware target using JTAG UART on cable
nios2-terminal: "USB-Blaster [USB-0]", device 1, instance 0
nios2-terminal: (Use the IDE stop button or Ctrl-C to terminate)

filename is: V1_72.MPG

Next file: V2_120.MPG

Next file: V3_300.MPG
Play
395783
391949
391669
391877
392074
392000
392876
391496
392014
392114
392070
391907
391512
392256
392029
392103
392002
391864
1980944
392078
392096
391913
391961
1706648
395034
391604
392095
391907
391989
391493
451258
391914
391977
392681
391495
504716
391872
392125
391636
390775
657020
391611
391864
391360
391418
685737
391658
391942
394830
392093
392152
390814
391806
392036
391964
391970
392023
391499
392014
392041
391998
391489
1423755
392051
392262
392137
391609
390865
392182
391833
392557
391767
394613
392031
391751
392019
391980
392081
392011
391427
391504
1162961
391923
392032
391634
392079
392043
391303
391993
392635
391423
392764
391625
392080
391540
391963
395139
390802
391457
392131
391623
392022
392130
391974
392038
390831
1842685
391921
391975
391984
392172
391578
391497
391552
392734
391420
391992
392038
391463
391508
394716
391627
391927
392276
392030
392762
392050
391392
391998
391998
388153
392063
392768
390058
391873
391880
391860
392052
391972
391418
391902
391985
392038
391983
394091
391985
391468
392040
391780
391856
391760
392536
391400
392041
392459
391617
391860
395185
392059
392003
392339
391730
391807
392334
392227
392193
393112
391648
391693
392531
391332
391148
392088
392337
392198
392374
391970
391823
392197
392182
392318
394871
391628
391706
391701
391507
391513
391572
390962
391491
391984
392060
391869
391714
392171
391537
392257
392395
392333
392224
392158
392136
391977
392375
392328
394874
392187
391987
392584
392224
392140
391995
392228
392248
392361
392182
391555
392361
391595
391766
391808
392898
392123
392333
392184
392128
391807
391804
390479
394957
392054
391488
391303
392144
392754
392053
391551
624769
392031
392036
391519
391637
392145
392134
391966
1735099
392123
392519
391884
391459
391679
391415
391283
394726
392029
391368
1143854
392815
391513
392038
391396
1159788
392177
391306
392789
391469
391277
392255
392017
391483
1480599
391873
392814
391901
391496
392089
392178
395771
392191
391949
391992
391443
392230
392158
392019
392605
391542
392024
392155
391643
392043
391486
391910
392212
391988
391486
392196
392149
391952
391510
File End


nios2-terminal: exiting due to ^C on host
