nios2-terminal: connected to hardware target using JTAG UART on cable
nios2-terminal: "USB-Blaster [USB-0]", device 1, instance 0
nios2-terminal: (Use the IDE stop button or Ctrl-C to terminate)

filename is: V1_72.MPG

Next file: V2_120.MPG

Next file: V3_300.MPG
Play
7510066
1524927
1576092
1595583
1570090
1578306
1531670
1606778
1553610
1515264
1514938
1582441
1597312
1458432
1543268
1535639
1550222
1514539
1428058
1504722
1553390
1450944
1391381
1504201
7469465
1345363
1388882
1436520
1430930
1357209
1327172
1387491
1406025
1282160
1274115
1390352
1437561
1182462
1278995
1354641
1341852
1275244
1216050
1223021
1386026
1259462
1232617
1302233
7438656
1188244
1327625
1208870
1203055
1288484
1201896
1205018
1324251
1216834
1249959
1324882
1248330
1385726
1362917
1427423
1288855
1928511
1387693
1564337
1593172
1448712
1645865
1669295
7469473
1698297
1692738
1757740
1739724
1720971
1875533
1763244
1832391
1818399
1909515
1937001
1859870
1968856
1992181
1940033
1905178
2001133
1977972
1932421
2129380
1978325
2079316
2006537
7478664
2100319
2060751
2013152
2041261
2064938
2071548
2057071
1940207
1960974
2102307
2128536
1939718
2081686
2037371
1957373
2047748
2152374
1965805
1858959
1782584
1902444
1981239
1808273
7485080
1822738
1851271
1807398
1814494
1749560
1886898
1818103
1881344
1789576
1817326
1901856
1809373
1624938
1600288
1568001
1413109
1377525
1346460
1302192
1201668
1111233
1185075
1116019
7489845
1148031
984635
967116
965270
925297
977569
949742
1145375
1153307
1209112
1206243
1213848
8625747
871164
904409
1307956
1420901
1498825
2018886
1994404
1838473
2156010
2291831
2308106
2492853
2496380
2713159
2713733
2903134
3044354
2931462
3106201
3228645
3344878
3325684
3406925
8449725
3539395
3473362
3535025
3533273
3595865
3576764
3603458
3675387
3538178
3605130
3692631
3607182
3635017
3698907
3582377
3579744
3569785
3523532
3468945
3484978
3398780
3381933
3327566
8157453
3199350
3159434
3037583
3048146
3022308
3005453
2986546
2867427
2796862
2731279
2575147
2690769
2584263
2404533
2496455
2307703
2388077
2201676
2173387
2151592
2073326
1921689
1964329
8162555
1823387
1786817
1573947
1602066
1557706
1589773
1452264
1073235
1203155
1207787
966884
1082977
1224492
1003837
898394
920948
1013125
963608
923417
934105
1059931
1003123
977641
8197982
1047043
1165886
1085240
1107426
1347252
1387405
1274949
1284378
1210439
1172527
1198232
1135521
1087668
1040060
1057413
994449
948820
1134746
1120504
868607
1003200
1018716
1010335
8290465
1025685
1220456
1046256
1178307
1378142
1328257
1319237
1451114
1346996
1289982
1177961
1190032
1209982
1225833
1156118
1087908
1142858
1087439
1136773
962851
1087406
1036581
File End


nios2-terminal: exiting due to ^C on host
