nios2-terminal: connected to hardware target using JTAG UART on cable
nios2-terminal: "USB-Blaster [USB-0]", device 1, instance 0
nios2-terminal: (Use the IDE stop button or Ctrl-C to terminate)

filename is: V1_72.MPG

Next file: V2_120.MPG

Next file: V3_300.MPG
Play
5185351
629589
630218
626424
625818
629560
629039
625758
627523
627840
627475
626375
628943
629432
630551
627271
625179
629508
629171
628862
625994
626568
630442
627536
5212211
628860
629234
624133
625090
627073
624819
624551
620888
625876
626355
623090
624196
619786
626642
624083
621696
626263
621708
621935
626347
620858
622346
624174
5213398
618425
625551
621128
622104
622655
617948
621691
626302
622150
622041
626669
626193
629540
623009
625411
625793
696754
636697
636141
639592
640963
644147
642611
5236947
641023
639756
637578
637029
633666
637286
632001
634813
633804
638827
635266
636969
633733
637829
635327
637726
632495
635981
633206
644134
626939
639929
636862
5218486
640519
637000
635822
634436
636544
634856
635328
629895
633198
639843
634605
631703
636517
637215
636157
635467
637340
635471
630719
627605
626022
636436
631434
5229727
631427
633400
629581
628340
635783
646358
642057
637865
650269
653928
648806
644280
634676
634424
629284
629901
629384
623458
623255
622338
614552
619040
614284
5220444
618104
610950
612956
611695
612152
611607
616091
637286
648511
656098
658353
658880
5378679
617550
619792
650943
647883
647398
659908
652693
652131
656222
661623
650484
648487
648306
658325
656107
657704
670327
658397
665441
670585
674190
665034
672944
5255959
676288
664964
672236
676262
675111
669052
679968
663851
663818
673799
670917
676756
677551
685394
679679
684949
684471
684592
677598
686069
674621
679046
668238
5265863
654511
653019
651230
654673
654679
649428
688472
648432
659282
655141
638832
654427
648672
637222
653130
649302
636571
648500
640716
641795
635119
639346
635854
5280550
637911
638353
631677
637684
633299
634236
634642
624242
635190
635556
613504
623710
640310
622251
613003
614976
617150
615719
613452
613218
620583
615589
612345
5314909
619953
628100
623385
624337
638832
642591
631504
638827
638954
632786
635508
624728
619851
613347
614489
613395
610352
621317
621397
612258
615526
615288
613361
5319355
614622
626159
616677
627753
641707
641576
638820
651756
645002
640296
634127
628484
630452
630051
626480
618776
619892
618250
621488
613002
614747
613536
File End


nios2-terminal: exiting due to ^C on host
