nios2-terminal: connected to hardware target using JTAG UART on cable
nios2-terminal: "USB-Blaster [USB-0]", device 1, instance 0
nios2-terminal: (Use the IDE stop button or Ctrl-C to terminate)

filename is: V1_72.MPG

Next file: V2_120.MPG

Next file: V3_300.MPG
Play
5311696
661544
663901
657076
650258
653894
659228
657107
656783
656855
659552
657378
655503
655496
660822
645709
653025
651498
656673
658207
649929
651316
652186
653661
5280581
647754
652767
646765
646424
645613
647126
646366
644553
644078
642330
643939
648161
643588
646771
642652
642060
641879
646522
640957
649604
644232
636843
648026
5290517
635430
645814
636803
640248
643738
649229
636973
649341
643165
636724
642910
643579
653507
641876
647437
638276
837328
677554
671906
673967
670116
684145
681613
5301929
681318
693647
677893
675706
673319
690666
666411
675468
673052
685246
682037
676828
678214
681138
672304
676319
668522
683590
684692
706863
671898
696033
679230
5303896
689650
694443
681395
685099
684528
688935
686361
677741
681743
695725
675628
681626
689478
695337
677809
680851
688243
688289
680954
666380
670600
699856
670145
5300656
672529
680038
673708
667710
679207
707015
689580
679999
707098
712247
703029
687489
679091
653789
653109
648549
656228
640599
633344
641890
637457
632560
633874
5312386
626647
626952
627763
627475
628662
628520
632182
652770
656640
665989
669877
673198
5709989
653426
648545
706090
703760
694035
769366
743062
755920
740399
768059
747279
754661
747251
777582
765712
758363
785202
755041
781017
769449
786054
771349
785031
5485836
802741
783468
792798
800152
799784
790410
805941
811437
795597
801953
810241
815779
808997
839867
827900
835160
812516
809631
791465
804554
792916
799698
772955
5415266
758625
745355
733151
746272
737108
742437
824188
741284
769347
770308
719287
758874
746142
715022
733945
721606
706434
718832
707247
711389
697152
697784
701479
5439400
710504
699671
658226
693823
675903
668884
671556
662988
664805
665428
641097
651940
672463
647465
640519
645511
657575
647475
638765
641962
655636
647143
644073
5517131
648021
661371
660575
652787
679898
679597
657098
674964
665407
658960
655844
646098
644680
640221
636236
630745
633035
642632
648669
635879
640162
647127
636599
5551249
642328
647813
641263
649068
686157
682127
667403
703655
691025
678610
665769
662312
655146
645452
641300
641940
645578
641173
643067
633648
640158
637375
File End


nios2-terminal: exiting due to ^C on host
