nios2-terminal: connected to hardware target using JTAG UART on cable
nios2-terminal: "USB-Blaster [USB-0]", device 1, instance 0
nios2-terminal: (Use the IDE stop button or Ctrl-C to terminate)

filename is: V1_72.MPG

Next file: V2_120.MPG

Next file: V3_300.MPG
Play
18052868
2820246
2868150
2883732
2850931
2865479
2824272
2902080
2844524
2813809
2805050
2878238
2886086
2743987
2836154
2816469
2836885
2801364
2719662
2795666
2833006
2729918
2680024
2786844
17991268
2628255
2670061
2713510
2707259
2642289
2604138
2658559
2678714
2558216
2543406
2663076
2714109
2451752
2556128
2622816
2608213
2544067
2487901
2488094
2659147
2534623
2494725
2581437
17968342
2441107
2597621
2471491
2470191
2562614
2468362
2463109
2610865
2486943
2512375
2599531
2524259
2675987
2632048
2695803
2559295
3477185
2703327
2873043
2909817
2760653
2979436
3000781
18034499
3030720
3029874
3078433
3057884
3036383
3209696
3070726
3150520
3130749
3240562
3260672
3179192
3283390
3315062
3249243
3222560
3309803
3301304
3259023
3482941
3287119
3416509
3327239
18044171
3432061
3393003
3336110
3362802
3387312
3396757
3385782
3258065
3287260
3453704
3441924
3261088
3413594
3376383
3275204
3368805
3485680
3290013
3176929
3081690
3207885
3325862
3110400
18028198
3133002
3170217
3111777
3111911
3070910
3244872
3161866
3197798
3154249
3184253
3254431
3145563
2947878
2894186
2859370
2697479
2663792
2621326
2561425
2473467
2363260
2438514
2368096
18057390
2398700
2224339
2211479
2208201
2174924
2219863
2198114
2440120
2462422
2521882
2542414
2551306
19746738
2142857
2176139
2669978
2775801
2843190
3457707
3397150
3253484
3559191
3733510
3710054
3894765
3897586
4161674
4142287
4321498
4503100
4353476
4570447
4672394
4815489
4774325
4877646
19211449
5022302
4931690
5013986
5017735
5082474
5044727
5106323
5165378
5006991
5094320
5184062
5109934
5126451
5221845
5095730
5117042
5072848
5029815
4942582
4978098
4880924
4876474
4780525
18880704
4617578
4571892
4424507
4463809
4420914
4396371
4508098
4260016
4227484
4170175
3946476
4110416
3984189
3773986
3892621
3676610
3739808
3578280
3533754
3504464
3403399
3268435
3305810
18925700
3176501
3137277
2873844
2939777
2870520
2895022
2770228
2360030
2507401
2516537
2226637
2361326
2545009
2279032
2155062
2182588
2286643
2229967
2176114
2190618
2333725
2266582
2235721
19065048
2317021
2453153
2365864
2386958
2666245
2714974
2571949
2600841
2513880
2471103
2487785
2409732
2356657
2292008
2311351
2241086
2198003
2401895
2390886
2117178
2265895
2279270
2257808
19163609
2283385
2496057
2309526
2456753
2707247
2663689
2636315
2810455
2693001
2619269
2482902
2485976
2500306
2510878
2422638
2348309
2407667
2350750
2407912
2210054
2341719
2291932


nios2-terminal: exiting due to ^C on host
