nios2-terminal: connected to hardware target using JTAG UART on cable
nios2-terminal: "USB-Blaster [USB-0]", device 1, instance 0
nios2-terminal: (Use the IDE stop button or Ctrl-C to terminate)

filename is: V1_72.MPG

Next file: V2_120.MPG

Next file: V3_300.MPG
Play
644275
349379
326706
352983
325471
350770
326150
343413
308235
331131
339681
336788
310033
325742
307102
334146
348372
363521
331525
357490
325151
342017
346726
344065
559207
332554
311150
339347
313547
334053
305044
335545
312331
338039
323824
360039
339216
280491
286245
315871
290594
309782
282429
316837
309127
309319
285247
328992
556699
319457
305928
320830
309599
351244
261087
317659
290480
306309
283183
312936
298593
334372
292473
320005
288836
396191
296351
332524
313363
325460
316662
401531
559713
360950
339541
350686
326456
346431
382487
365278
348982
372524
338949
419785
351682
386269
345478
365130
343649
386387
361052
365947
397431
384584
357797
432881
571315
397848
355201
417386
367475
399390
351686
415710
357034
384574
357641
419324
357580
382371
407716
383725
376019
384025
388219
376301
342626
364167
344809
406542
564058
372555
355427
354062
327587
1186661
356279
350406
379421
333687
411975
355797
375001
327443
335578
308642
319518
292256
315843
298623
301441
287126
319929
295910
598197
340102
237181
285714
258940
298193
285940
264663
282907
309210
292265
317582
295569
776964
283759
276314
336360
318768
351595
376908
376273
393855
405622
393440
439316
409582
452836
432366
479194
467809
487392
516871
513722
495309
549245
520662
562025
681062
554406
520151
552749
527374
616908
573485
589021
563616
571987
556402
591949
555402
569103
554397
565866
542589
632865
564987
580419
554579
577906
552667
519929
658526
519949
507378
485321
462676
519891
476286
545965
443310
483366
475118
451489
454495
443524
420843
433922
430187
422270
365449
425248
393098
376804
401287
387421
650382
411926
345534
348427
329449
349932
325314
293785
307403
358841
299183
234021
287552
309234
269413
281349
279281
276953
243754
286187
259503
311219
296757
268945
695348
295343
331421
314482
349287
355356
359442
349078
330667
285228
296393
307946
278886
303834
267656
307524
298212
264848
275251
300155
254155
306138
302247
266222
699368
291607
298710
310344
306570
541791
321856
350667
289922
381588
319276
350631
260612
278942
282913
304427
275616
300398
288506
315069
292155
270789
266168


nios2-terminal: exiting due to ^C on host
