nios2-terminal: connected to hardware target using JTAG UART on cable
nios2-terminal: "USB-Blaster [USB-0]", device 1, instance 0
nios2-terminal: (Use the IDE stop button or Ctrl-C to terminate)

filename is: V1_72.MPG

Next file: V2_120.MPG

Next file: V3_300.MPG
Play
4989487
4995715
4957567
4788156
4998125
4933025
5019297
4798003
4889133
4977438
4976714
4826703
4978324
5084633
4960064
5011173
4853159
4993921
5121697
5026559
4878739
5022691
5082794
4979259
5609833
5215748
5179595
5095050
5143466
5138219
5210728
5118674
5113901
5138571
5175018
5012991
4981006
5436563
5316291
5081613
5230173
5272576
5339212
5234533
5137282
5206937
5276107
5201731
5634683
5351353
5210479
5388570
5378573
5248008
5117740
5325318
5205706
5340072
5318806
5200079
5278707
5102030
5188376
5091367
5199505
4165032
5036848
4911686
4830495
5013588
4753248
4720502
5540517
4775651
4657240
4603714
4726720
4782993
4446225
4723648
4659250
4528062
4576276
4477998
4615230
4486742
4501102
4539506
4552987
4471482
4502337
4533571
4288797
4442072
4320858
4389639
5451683
4281132
4278723
4355241
4429952
4320800
4399521
4231065
4532893
4454224
4351548
4168213
4486839
4314183
4313858
4466538
4288839
4168083
4430717
4536240
4691309
4606582
4495418
4522220
5551721
4530437
4521870
4573594
4717851
4685242
4506425
4629972
4607600
4531112
4596926
4481605
4600209
4823619
4847060
4980269
5123963
5039995
5266445
5144374
5418980
5365861
5431851
5432263
5530402
5430063
5684452
5668725
5700627
5678164
5639671
5697364
5396371
5276752
5304608
5296889
5325450
5640006
5696883
5663935
5115906
5013557
4979347
4271138
4245272
4478879
4073961
5918438
4014428
5812003
5780147
5528808
5418961
5255132
5046982
5182230
4955234
4999947
4808098
4753475
4737212
4235074
4593888
4602211
4473206
4487917
4344391
4530621
4483001
4406992
4596170
4466520
4263184
4510650
4344214
4331335
4457673
4476458
4467553
4543708
4618951
4582799
4691797
4613300
4892494
4553738
4894534
5017084
5217230
5259316
5084841
5271830
5117471
5411846
5444019
5476917
5639683
5563836
5689923
5908760
5841545
5932277
4033076
4232581
4088010
4267871
4241067
4371433
4337888
4603000
4529094
4557213
4836768
4918053
4947778
4952410
5051904
5441848
5177083
5226516
5590130
5455001
5271293
5562369
5677648
5649691
5550571
5640187
5715082
5658071
5460092
5553111
5657469
4404017
5493026
5249316
5351839
5292448
5007111
5043669
5124354
5177881
5319098
5351750
5326001
5341234
5459396
5564349
5499713
5478031
5666534
5358052
5427371
5757977
5559651
5527922
5573647
4280563
5537024
5323625
5482600
5342891
5049060
5146557
5137504
5064405
5052014
5096752
5295511
5362824
5338838
5329765
5395986
5494227
5415135
5474045
5389779
5635024
5521977
5555458
File End


nios2-terminal: exiting due to ^C on host
