nios2-terminal: connected to hardware target using JTAG UART on cable
nios2-terminal: "USB-Blaster [USB-0]", device 1, instance 0
nios2-terminal: (Use the IDE stop button or Ctrl-C to terminate)

filename is: V1_72.MPG

Next file: V2_120.MPG

Next file: V3_300.MPG
Play
4505
3729
3170
3326
3237
3250
3417
3325
3324
3597
3339
3304
3464
3177
3693
4130
3493
3261
3403
3355
3510
3674
3190
3263
3169
3205
3617
3298
3316
3439
3188
3237
3536
3404
3225
3198
3141
3281
3168
3393
3426
3167
3396
3166
3145
3518
3694
3663
3333
3156
3218
3228
3212
3238
3203
3361
3259
3162
3348
3315
3319
3481
3755
3875
3826
3609
3236
3560
3318
3219
3161
3233
3303
3375
3161
3394
3303
3238
3255
3566
3591
3546
3451
3260
3542
3470
3226
3666
3384
3188
3364
3333
3276
3409
3934
4002
3909
4113
3379
3302
3337
3320
3430
3215
3208
3558
3156
3180
3396
3302
3602
4538
4880
3376
3334
3477
3360
3331
3490
3244
3202
3419
3211
3339
3528
3169
3272
4077
4690
3819
3438
3552
3354
3344
3324
3192
3142
3222
3202
3186
3227
3171
3710
3695
3381
3423
3204
3279
3482
3266
3418
3354
3276
3364
3491
3319
3301
3382
3185
3301
4326
3891
3342
3520
3291
3313
3588
3175
3173
3524
3301
3244
3321
3187
3155
4873
5240
3312
3336
3487
3232
3238
3162
3127
3273
3192
3180
3192
3167
3342
3958
3754
3299
3212
3212
3407
3235
3320
3634
3316
3273
3520
3295
3343
3527
3203
3193
3309
3306
3130
3517
3236
3248
3620
3191
3260
3445
3320
3469
3513
3305
3176
3147
3418
3760
3230
3356
3188
3246
3199
3286
3196
3251
3297
3249
3630
3200
3184
3791
5835
4783
3315
3293
3165
3181
3298
3287
3332
3218
3144
3359
3175
3305
3429
3197
3203
3474
3272
3263
3139
3192
3617
3188
3187
3442
3242
3255
3582
3209
3190
3175
3517
4280
3938
3354
3168
3207
3176
3404
3149
3166
3278
3277
3275
3583
3260
3535
3903
3343
3427
3449
3234
3687
3504
3184
3249
3183
3334
3275
3313
3362
3259
3195
3714
3692
3639
3359
3321
3143
3161
3266
3167
3261
3164
3202
3506
3303
3179
3688
3455
3689
3164
3197
3225
3193
3245
3175
3145
3271
3235
3511
3425
3463
3178
3924
3777
3321
3585
3365
3325
3548
3392
3299
3291
3178
3228
3413
3155
3233
3325
3331
3674
3859
3253
3249
3160
3222
3390
3247
3163
3432
3297
3338
3210
3131
3553
3742
4171
4541
3441
3205
3188
3435
3260
3420
3491
3359
3420
3522
3267
3629
3158
3294
3532
3911
3775
3436
3642
3226
3293
3180
3220
3265
3162
3191
3522
3182
3406
3147
3656
4202
3251
3266
3304
3306
3214
3217
3240
3265
3158
3207
3317
3148
3193
3787
3815
8762
8668
3509
3423
3479
3249
8389
3311
3375
3372
3186
3320
3145
8763
3247
4523
4774
3389
3395
3388
3197
3363
3534
3196
3300
3484
8501
3185
3288
3186
3474
3849
4232
3882
3492
3676
3229
3228
3261
3262
3173
3250
3374
3276
3748
3609
3986
4003
3224
3225
3448
3183
3271
3481
3161
7888
3206
3668
3355
3347
3297
3325
3263
3694
3961
3555
3321
3311
3373
3340
3426
3276
3162
3422
3579
3187
3347
3440
3189
5637
4835
3411
3497
3434
3317
3390
3187
3253
3394
3225
3344
3229
3259
3448
3668
4057
3598
3181
3444
3336
3215
3331
3149
3174
3324
3469
3435
3226
3372
3427
3188
3604
3784
3567
3350
3305
3188
3319
3434
3204
3227
3380
3207
3343
3308
3408
3438
3567
3756
3237
3294
3276
3241
3453
3506
3405
3201
3250
3193
3287
3250
3511
3538
3424
3753
3200
3185
3173
3318
3164
3292
3296
3572
3530
3302
3319
3250
3307
3221
3826
3690
3429
3481
3189
3389
3167
3183
3408
3273
3235
3180
3282
3310
3214
3227
3887
4235
3914
3352
3522
3372
3153
3332
3240
3281
3233
3583
3531
3412
3240
3253
3171
3205
3179
3217
3256
3389
3331
3401
3210
3211
3228
3252
3437
3406
3225
3229
4565
5129
3332
3372
3279
3363
3235
3225
3315
3323
3313
3403
3546
3344
3667
3641
3150
3736
3222
3187
3393
3192
3192
3352
3293
3312
3309
3368
3337
3458

nios2-terminal: exiting due to ^C on host
