nios2-terminal: connected to hardware target using JTAG UART on cable
nios2-terminal: "USB-Blaster [USB-0]", device 1, instance 0
nios2-terminal: (Use the IDE stop button or Ctrl-C to terminate)

filename is: V1_72.MPG

Next file: V2_120.MPG

Next file: V3_300.MPG
Play
8790599
8792862
8800443
8797676
8794387
8787607
8796491
8785143
8780388
8783786
8790549
8793253
8790010
8784547
8795121
8788154
8786557
8781933
8785159
8791839
8783920
8786430
8790620
8785637
8795199
8795714
8800703
8789538
8789908
8786227
8793430
8792182
8785507
8792131
8794743
8782228
8790596
8786957
8790887
8788040
8789556
8789310
8786556
8785835
8788375
8793103
8794682
8785861
8793077
8789585
8793148
8790098
8783130
8781944
8789842
8786978
8787087
8796254
8786832
8785739
8788004
8792997
8791116
8786484
8790523
8785989
8784549
8784170
8787734
8788442
8787084
8788031
8785931
8793434
8792316
8791226
8792386
8785561
8786016
8784131
8787280
8786469
8787242
8789376
8786124
8790039
8787739
8785483
8781988
8787671
8788450
8789107
8787753
8791497
8793237
8786592
8795896
8796259
8785995
8800139
8794154
8788263
8787595
8798324
8797885
8782928
8787157
8790929
8790069
8787481
8790087
8791680
8787798
8791884
8782973
8790842
8791017
8789978
8785544
8787374
8798933
8795808
8783174
8789853
8788384
8793313
8781105
8791999
8784648
8783810
8790025
8788532
8788094
8788676
8788483
8783840
8786654
8790708
8789255
8786897
8793993
8792215
8792077
8791430
8788907
8784840
8796919
8790160
8788353
8796487
8785732
8783173
8793357
8793898
8791163
8783388
8790360
8791229
8787146
8794811
8785566
8782948
8787752
8790167
8787687
8793373
8788894
8784378
8789815
8792503
8789297
8782593
8789486
8789152
8790614
8788082
8795002
8790153
8789650
8788614
8790353
8797493
8803622
8796858
8787042
8799035
8800257
8794370
8798889
8791934
8799207
8794214
8796119
8782820
8790792
8788121
8788438
8787511
8786496
8786987
8789433
8790381
8788070
8788520
8790248
8787190
8798260
8790396
8797928
8793966
8792752
8798739
8787424
8786588
8789270
8787610
8783454
8787046
8790772
8783090
8790568
8783961
8788609
8801657
8782250
8781300
8790675
8781383
8790340
8784456
8800505
8799468
8793323
8790959
8791890
8789722
8794023
8788668
8783612
8793053
8787572
8788583
8786106
8790418
8787059
8788348
8786734
8787384
8775730
8784766
8786840
8791464
8793361
8794276
8798917
8789141
8795915
8791072
8784588
8792441
8789052
8790104
8792974
8785662
8788118
8789956
8790994
8790161
8792805
8787751
8784497
8793778
8785790
8791664
8799154
8787873
8783038
8795886
8791689
8796392
8802832
8785751
8784436
8784143
8786216
8786566
8785952
8788043
8779900
8790396
8795184
8784844
8787189
8789160
8788727
8790656
8790979
8786677
8794136
8792587
File End


nios2-terminal: exiting due to ^C on host
