nios2-terminal: connected to hardware target using JTAG UART on cable
nios2-terminal: "USB-Blaster [USB-0]", device 1, instance 0
nios2-terminal: (Use the IDE stop button or Ctrl-C to terminate)

filename is: V1_72.MPG

Next file: V2_120.MPG

Next file: V3_300.MPG
Play
2859
2616
2704
2545
2545
2545
2561
2545
2545
2545
2773
2517
2545
2622
2853
2457
2519
2756
2829
2626
2705
2649
2633
2745
2591
2633
2793
2545
2768
2640
2633
2633
2810
2853
2608
2633
2731
2585
3478
3051
2660
2642
2548
2628
2571
2545
2545
5559
2586
2692
2715
2633
2709
2726
2633
2749
2545
2545
2545
2836
2619
2642
2692
2715
2633
2633
2779
2545
2545
2457
2598
2545
2545
2545
2549
2616
2545
2567
2685
2702
2699
2720
2717
3002
2633
2779
2543
2612
2749
2457
2506
2613
2543
2926
2613
2558
2611
2552
2634
2599
2612
3392
3259
2610
2572
2543
2545
2630
2653
2717
2678
2890
2717
2633
2702
2699
2633
2746
2635
2633
2633
2905
2545
2545
2545
2545
2888
2633
2693
2717
2613
2818
2551
2527
2632
2545
2545
2620
2633
2633
2707
2730
2643
2723
2633
2693
2702
2633
2641
2711
2633
2774
2545
2545
2808
2615
2672
2636
2708
2879
2558
2528
2607
2545
3601
2923
2583
2619
2564
2695
2951
2710
2633
2708
2729
2953
2694
2723
2635
2788
2459
2510
2613
2634
2550
2547
2545
2618
2583
2545
2699
2547
2545
2547
2760
2529
2543
2627
2557
2545
5785
2633
3041
2760
2548
2545
2545
2545
2545
2545
2545
2565
2633
2633
2895
2707
2704
2633
2772
2545
2545
2643
2529
2598
2544
2545
2734
2678
2557
2545
4570
2686
2633
2766
2545
2545
2986
2547
2545
2545
2571
2633
2722
2704
2633
3028
2769
2618
2769
2545
2779
2457
2513
2612
2839
2487
2461
2731
2478
2513
2545
2616
2726
2633
2933
2633
2761
2657
2637
3005
2633
2738
2457
2463
2637
2632
2620
2548
2545
2633
2585
2741
2457
2491
2630
2948
2602
2631
2548
2630
2621
2722
2633
2949
3480
3009
2881
2633
2749
2545
2545
2545
2545
2545
2545
2606
2742
2545
2546
2809
2660
2658
2636
2557
2545
2545
2545
2545
2636
2553
2543
2545
2929
2719
2706
2633
2690
2870
2662
2696
2635
2852
2901
2545
2621
2775
2775
2634
2685
2635
2786
2545
2962
2545
2608
2851
2461
2529
2798
2672
2634
2816
2558
2545
2545
2545
2781
3681
3167
2757
2771
2600
2705
2630
2623
2588
2637
2569
2651
2545
2545
2558
2863
2547
2552
2804
2678
2594
2545
2545
2634
2545
2615
2681
2717
2633
2795
2545
2545
2545
2545
2555
2799
2635
2662
2749
2545
2926
2624
2721
2633
2721
2866
2630
2545
2628
2641
2613
2593
2545
2545
2545
2770
2591
2732
2586
2715
2715
2633
2698
3283
3044
2677
2752
2548
2615
2745
2545
2545
2769
2744
2545
2545
2545
2457
2596
2545
2545
2545
2650
2770
2457
2515
2598
2635
2742
2545
2545
2761
2672
2674
2633
2781
2795
2457
2480
2639
2642
2627
2625
2556
2545
2644
2560
2577
2637
2545
2545
2723
2545
2545
2612
2804
2460
2635
2714
2844
2589
2697
2665
2914
2543
2543
2553
2543
2558
2566
2633
2720
2704
2633
2708
2704
2635
2716
2722
2545
2631
2654
2590
2545
2552
2867
2505
5750
2605
2736
2545
2553
2557
2545
2802
2675
2666
2636
2902
2620
2777
2548
2545
2574
2633
2704
2694
2694
2984
2631
2545
2545
2622
2545
2552
2545
2554
5388
2726
2633
2773
2678
2699
2726
2633
2710
2633
2692
2717
2620
2545
2545
2545
3524
3094
2547
2545
2612
2622
2554
2552
2546
2628
2576
2628
2543
2792
2527
2525
2704
2640
2633
2774
2545
2545
2545
2545
2545
2577
2633
2717
2721
2633
2905
2545
2545
2545
2545
2788
2613
2633
2596
2545
2545
2613
2786
2550
2523
2607
2771
2545
2545
2545
2545
2555
2551
2559
2577
2633
2740
2771
2673
2633
2710
2718
2693
3679
3157
2759
2852
2766
2524
2545
2642
2576
2617
2620
2554
2637
2717
2631
2793
2918
2601
2631
2708
2856
2833
2543
2543
2455
2546
2543
2561
2545
2546
2545
2563
2545
2772
2554
2529
2635
2642
2638
2545
2634
2720
2613
2545
2900
2710
2688
2712
2716
2633
2788
2545
2545
2545
2573
2633
2780
2879
2545
2689
2698
2633
2727
3475
3031
2629
2619
2545
2894
2816
2540
2541
2674
2654
4198
2634
2715
2751
2545
2627
2773
2545
2853
2545
2547
2561
2854
2658
2633
2712
2779
2545
2545
2545
2545
2604
2545
2641
2578
2545
2545
2565
2627
2562
3025
2633
2693
2721
3035
2686
2719
2631
2701
2754
2863
2496
2533
2621
2545
2609
2545
2634
2627
2559
2545
2545
2548
2883
2546
2545
2584
2840
2514
2517
2792
2869
2543
2545
2543
2543
2543
2543
2546
2577
2631
3039
2767
2543
2543
2543
2794
2626
2693
2691
2703
2872
2639
2815
2548
2525
2635
2831
2546
2511
2634
2715
2716
2722
2631
2797
2543
2543
2602
2716
2631
2729
2631
2798
2649
2722
2631
2631
2921
2950
2631
2722
2640
2634
2654
2776
2675
2653
2635
3306
3356
5691
2548
2545
2774
2710
2633
2700
2705
2791
2753
2545
2606
2612
2597
2545
2642
2575
2757
2535
2492
2625
2845
2460
2490
2610
2634
2573
2545
2653
2545
2555
2545
2688
2711
2693
2697
2729
2633
2766
2783
2658
2651
2633
2725
2710
2633
2691
2713
2633
2688
2724
2633
2690
2653
2655
2606
2546
2603
2641
2579
2628
3240
2962
2744
2545
2545
2545
2545
2566
2638
2707
2707
2631
2692
2719
2631
2702
2742
2840
2580
2631
2714
2726
2545
2599
2736
2462
2534
2611
2876
2488
2553
2659
2681
2633
2758
2543
2609
2631
2720
2631
2940
2690
2644
2543
2638
2545
2770
2555
2530
2604
2941
2572
2543
2543
2925
2585
2602
2631
2543
2924
2624
2543
5909
3501
3035
2676
2709
2656
2746
2642
2720
2725
2634
2906
2604
2716
2636
2714
2711
2636
2711
2720
2700
2634
2548
2869
2466
2540
2621
2882
2545
2543
2711
2721
2631
2752
2790
2592
2704
2671
2773
2626
2680
2633
2781
2545
2553
2960
2555
2556
2556
2564
2633
2631
2616
2596
2545
2545
2548
2635
2710
2633
2722
2713
2974
2718
2633
2800
2548
2545
2545
2837
2626
2758
2554
2477
2829
2458
2464
2642
2866
2475
2519
2611
2619
2604
2601
2614
2543
2543
2543
2926
2597
2653
2631
2860
2543
2543
2543
2639
2661
2631
2763
2543
2543
2543
2591
2919
2543
2543
2649
2581
2631
2712
2727
2631
2683
2866
2529
2534
2646
2803
2559
2616
2701
2631
2829
2623
2681
2633
2691
2926
2711
3449
3050
2801
2585
2631
2688
2726
2631
2923
2712
2715
2545
2545
2787
2555
2530
2610
2549
2545
2555
2629
2705
2854
2601
2633
2712
2723
2633
2951
2710
2683
2633
2556
2545
2953
2545
2545
2641
2741
2457
2461
2642
2620
2565
2545
2545
2545
2545
2548
2545
2545
6018
4607
2633
2748
2545
2545
2545
2543
2817
2610
2631
2687
3483
3042
2674
2705
2735
2548
2545
2543
2543
2551
2466
2865
2538
2546
2605
2854
2527
2537
2624
2766
2652
2682
2631
2783
2756
2633
2662
2633
2695
2794
2857
2543
2543
2543
2549
2565
2631
2770
2637
2750
2553
2537
2543
2749
2532
2516
2652
2786
2455
2546
2616
2693
2631
2700
2724
2716
2706
2728
2699
2738
2455
2514
2611
3336
2912
2503
2455
2596
2640
2555
2632
2556
2545
2545
2612
2576
2633
2586
2641
2605
2673
2719
2698
2633
2809
2548
2609
2744
2682
2683
2704
2721
2633
2796
2545
2545
2545
2545
2581
2633
2704
2730
2765
2791
2541
2543
2870
2689
2545
2545
2632
2783
2545
2663
2710
2711
2633
2939
2633
2762
2545
2633
2633
2722
2714
2633
2700
2761
2545
2545
2545
2545
2545
2462
2607
2703
2548
2545
2545
2545
2633
2693
2723
2633
2713
2726
2704
2718
2633
2700
2722
2617
2545
2609
2579
2545
2543
2621
2547
2543
2809
2546
2516
2636
2875
2550
2501
2582
2871
2531
2528
2631
2634
2805
2983
2631
2692
2634
2910
2548
2545
2545
2543
2543
2561
2631
2692
2703
2743
2649
2633
2749
2455
3472
2826
2496
2472
2799
2458
2480
2637
2861
2602
2784
2637
2636
2719
2724
2636
2859
2617
2739
2548
2581
2633
2783
2545
2545
2673
2700
2726
2633
2784
2557
2519
2641
2571
2545
2545
2626
2545
2545
2633
2701
2633
2778
2545
2691
2734
2545
2545
2553
2545
2457
2607
2554
2545
2545
2545
2941
2652
2614
2545
2545
2545
2643
3266
3086
2587
2545
2545
2545
2894
2687
2752
2547
2703
2675
2694
2857
2606
2710
2633
2899
2633
2702
2707
2633
3025
2804
2548
2545
2545
2768
2457
2514
2616
2633
2545
2545
2682
2815
2546
5850
2658
2636
2788
2548
2618
2709
2706
2633
2699
2712
2852
2624
2633
2698
2804
2548
2545
2545
2545
2657
2633
2621
2556
2545
2543
3590
2866
2576
2632
2611
2692
2864
2707
2690
2633
2826
2545
2545
2604
2742
2777
2457
2479
2613
2789
2535
2544
2625
2874
2457
2463
2604
2884
2564
2545
2545
2545
2545
2545
2703
6057
4615
2698
2704
2633
2702
2725
2809
2618
2636
2726
2636
2812
2545
2545
2545
2616
2706
2725
2633
2715
2850
2490
2498
2548
2545
2545
2565
2775
2670
2545
2721
2738
2545
2545
2545
2545
2551
2545
2554
2545
2553
2543
2543
2553
2564
2643
2674
2871
2630
2708
2634
2637
2547
2545
2631
2547
2551
2547
2551
2559
2953
2635
2775
2545
2694
2698
2729
2675
2702
2827
2619
2632
2545
2640
2547
2545
2631
2580
2545
2793
2498
2528
2578
2855
2550
2512
2637
2926
2634
2545
2545
2722
2718
2633
3657
3137
2754
2617
2633
2936
2842
2547
2545
2545
2761
2631
2633
2633
2691
2976
2735
2612
2758
2457
2832
2771
2463
2787
2472
2499
2605
2707
2751
2548
2600
2960
2722
2633
2708
2701
2633
2838
2545
2545
2620
2928
2794
2545
2545
2545
2737
2654
2689
2870
2669
2545
2631
2654
2545
2610
2634
2863
2767
2612
2716
2636
2874
3439
3061
2647
2704
2633
2718
2614
2776
2457
2466
2634
2864
2519
2524
2642
2842
2529
2528
2613
2791
2457
2487
2641
2912
2546
2643
2545
2776
2691
2633
2721
2681
2633
2922
2709
2641
3015
2808
2548
2545
2545
2679
2749
2543
2604
2716
2545
2626
2579
2547
2630
2795
2861
2490
2538
2736
2549
2611
2711
2716
2692
2635
2731
3431
3057
2738
2557
2545
2545
2810
2707
2635
2704
2705
2660
2697
2701
2747
2731
2457
2496
2861
2745
2546
2514
4127
2908
2545
2545
2545
2555
2550
2563
2633
2633
2683
2678
2547
2627
2548
2551
2545
2545
2545
2792
2516
2538
2545
2853
2554
2457
2557
2546
2553
2545
2774
2724
2710
2701
2633
2728
2633
2724
2634
2716
2702
2633
2777
2545
2545
2545
2545
2545
2675
2922
2633
2774
2545
2457
2580
2628
2553
2545
2545
2554
2545
2729
2633
2754
2545
2614
2745
2545
2545
2545
2753
2680
2633
2695
2704
2633
2886
2633
2760
2545
2639
2769
2545
2457
2702
2587
2634
2638
2550
2545
2545
2739
2872
2574
2633
2770
2545
2545
2545
2558
2545
2551
2578
2641
2568
2545
2611
2545
3430
3087
2521
2602
2642
2566
2736
2455
2494
2549
2787
2513
2530
2633
2545
2731
2622
2652
2633
2759
2545
2663
2722
2633
2700
2739
2891
2646
2633
2769
2545
2545
2545
2545
2574
2633
2706
2610
2545
2545
2545
2617
2545
2640
2623
2693
2742
2545
2545
2545
2545
2560
2611
2633
2947
2633
2723
2633
2729
2945
2633
2716
2708
3273
4014
2639
2855
2542
2530
2623
2652
2577
2545
2657
2756
2548
2618
2840
2545
2545
2545
2607
2920
2596
2545
2545
2616
2586
2619
2601
2715
2550
2543
2543
2543
2641
2550
2545
2545
2613
2546
3000
2714
2790
2545
2545
2545
2545
2575
2633
2714
2725
2633
2795
2545
2545
2645
2608
2776
2545
2633
2741
2457
2483
2640
2565
3591
3028
2495
2643
2548
4706
2853
2631
2633
2808
2546
2757
2614
2697
2723
2631
2708
2763
2543
2616
2763
2749
2697
2669
2631
2692
2701
2614
2570
2543
2543
2543
2643
2543
2545
2701
2717
2814
2868
2673
2688
2630
2543
2543
2545
2545
2769
2534
2540
2617
2562
2616
2581
2545
2545
2641
2629
2660
2697
2582
2545
2545
2785
2678
2678
2633
2918
2913
2545
2549
2576
2633
2971
2695
2703
2633
2734
2856
2623
2633
2633
2941
2715
2586
2629
2612
2641
2604
2612
2564
2604
2761
2604
2780
2545
2556
2545
2556
2568
2896
2714
2633
2766
2545
2922
2547
2545
2633
2750
2716
2852
2636
2633
2633
2559
2617
2824
2545
2541
2640
2577
4489
2714
2636
2786
2541
2525
2601
2566
2545
3437
2770
2501
2467
2604
2623
2548
2543
2545
2629
2575
2619
2545
2665
2631
2633
2687
2688
2631
2917
2545
2545
2543
2965
2631
2728
2631
2694
2711
3042
2702
2715
2634
2706
2861
2497
2483
2608
2640
2600
2578
2581
2628
2929
2768
2543
2543
2543
2859
2573
2631
2717
2742
2543
2543
2543
2543
2543
2635
2769
2621
2699
2696
3679
3155
2646
2610
2545
2543
2543
2543
2543
2545
2914
2470
2491
2616
2923
2546
2547
2547
2545
2545
2545
5672
2637
2636
2714
2759
2892
2734
2634
2636
2695
2704
2713
2636
2636
2957
2789
2548
2545
2771
2651
2633
2799
2457
2612
2860
2549
2524
2688
2825
2505
2602
2708
2650
2633
2763
2545
2608
2709
2903
2545
2545
2545
3259
3298
2828
2545
2545
2457
2600
2811
2493
2538
2787
2656
2584
2628
2573
2693
2565
2543
2684
2793
2541
2533
2742
5745
2631
2852
2602
2738
2543
2810
2660
2682
2700
2702
2661
2633
2795
2543
2543
2543
2543
2543
2546
2557
2565
2545
2551
2545
2575
2545
2546
2614
2574
2543
2689
2633
2754
2543
2603
2716
2633
2789
2543
2543
2543
2639
2631
2796
2543
2543
2486
2631
2654
2622
2548
2545
2771
2541
2516
2714
2768
2540
2457
2711
2784
2529
2517
2732
2721
2457
2766
2664
2636
2712
2636
2722
2687
2636
2794
2548
2545
2552
2554
2545
2545
2580
2633
2769
2543
2543
2543
2696
2823
2457
2492
2824
2658
2548
2634
2565
2700
2633
2711
2633
2718
2694
2633
2923
2704
2720
3615
3108
2768
2545
2545
2536
2543
2753
2540
2483
2639
2614
2550
2545
2543
2761
2537
2515
2742
2679
2543
4192
2632
2631
2705
2730
2603
3019
2755
2543
2619
2729
2631
2973
2720
2691
2631
2719
3025
2631
2778
2543
2455
2556
2768
2548
2530
2652
2543
2543
2543
4823
2634
2694
2708
2911
2546
2543
2545
2614
2834
2877
2608
3314
3056
2518
2790
2660
2632
2543
2545
2633
2553
2617
2654
2639
2546
2545
2545
2545
2552
2547
2747
2545
2545
2545
2643
2877
2887
2633
2810
2545
2775
2682
2633
2705
2701
2701
2633
2747
2545
2612
3019
2707
2704
2593
2545
2641
2812
2552
2522
2653
2632
2848
2633
2662
2633
2701
2723
2800
2548
2545
2622
2652
2545
2750
3549
2769
2577
2545
2590
2545
2545
2627
2545
2633
2545
2629
2586
2638
2545
2545
2545
2631
2682
2703
2722
2631
2709
2703
2697
2631
2755
2543
2643
2739
2626
2704
2631
3045
2697
2722
2636
2785
2460
2492
2618
2619
2603
2548
2598
2619
2653
2580
2853
2844
2545
2543
2551
2554
2566
2693
2545
2611
2631
2630
2571
2543
2543
2543
2612
2581
2543
2543
2801
2517
2563
2654
2765
2600
2793
2545
2545
2545
2545
2548
2575
2633
2709
2699
2633
2717
2930
2699
2633
2732
2631
2633
2984
2701
2705
2545
2623
2788
2457
2474
2608
2618
2598
2652
2633
2712
2725
2714
2633
2750
2545
2508
2589
2643
2595
2614
2579
2545
2545
2545
2545
2550
2622
2813
2552
2566
2611
2772
2552
2524
3637
3103
2841
2600
2731
2625
2931
2950
2719
2650
2633
2785
2545
2545
2545
2545
2780
2629
2711
2633
2791
2545
2457
2553
2864
2668
2616
2545
2890
2811
2640
2546
2706
2699
2728
2637
2628
2624
2545
2545
2618
2632
2553
2543
2545
2610
2545
2545
2800
2543
2566
4885
2691
2634
2736
2546
2629
2706
2631
2727
2631
2697
2697
3433
3012
2736
2594
2631
2700
2926
2731
2545
2565
2633
2547
2637
2545
2546
2545
2555
2813
4198
2641
2633
2696
2609
2553
2545
2545
2545
2545
2545
2553
2545
2651
2545
2546
2545
2732
2457
2460
2608
2702
2657
2812
2545
2545
2644
2639
2638
2716
2721
2633
2833
2545
2545
2545
2778
2704
2633
2708
2633
2972
2703
2638
2545
3355
2927
2583
2853
2486
2555
2633
2632
2599
2545
2545
2646
2547
2779
2523
2543
2614
2545
2547
2612
2580
2633
2566
2631
2598
2547
2626
2596
5966
2633
2792
2545
2545
2545
2560
2616
2633
2691
2721
2633
2801
2548
2545
2740
2604
2709
2647
2633
2784
2457
2493
2587
2643
2554
2545
2548
2733
2529
2491
2554
2800
2562
2614
2545
2797
2519
2531
2649
2734
2695
2693
2716
2635
2707
2957
2737
2545
2545
2545
2573
2633
2696
2722
2703
2739
2545
2545
2547
2741
2718
2566
2545
2788
2788
2525
2521
2700
2826
2564
2588
2545
2545
2545
2601
2633
2696
2706
2633
2808
2548
2939
2545
2574
2633
3044
2703
2721
2636
2792
2548
2888
2548
2545
2545
2545
2760
2524
2535
2688
2615
3263
2955
2651
2626
2545
2617
2545
2883
2621
2545
5751
4296
2555
2545
2578
2633
2694
2729
2633
2784
2545
2555
2558
2545
2545
2585
2631
2719
2996
2641
2543
2547
2801
2547
2459
2715
2751
2542
2498
2650
2645
2608
2548
2644
2716
2547
2545
2727
2711
2633
2697
2733
2547
2547
2547
2545
2627
2841
2632
2633
2712
2715
2938
3562
2824
2583
2630
2545
2555
2630
2555
2551
2545
2546
2616
2555
2757
2457
2534
2632
2758
2556
2489
2769
2586
2633
3029
2752
2545
2618
2700
2965
2717
2633
2703
2720
2965
2635
2558
2628
2642
2628
2568
2634
2600
2654
2585
2626
2579
2545
2545
2545
2545
2612
269

nios2-terminal: exiting due to ^C on host
