nios2-terminal: connected to hardware target using JTAG UART on cable
nios2-terminal: "USB-Blaster [USB-0]", device 1, instance 0
nios2-terminal: (Use the IDE stop button or Ctrl-C to terminate)

filename is: V1_72.MPG

Next file: V2_120.MPG

Next file: V3_300.MPG
Play
5912837
5912728
5913402
5912607
6366674
7873770
7382895
5914842
5913332
5909449
5922309
7434106
5911562
5908266
5912050
5971019
7479440
5913364
5911443
5909705
6016349
7527320
5905921
5911261
5910231
5908498
5911648
6603944
6113196
5910037
5915486
5912818
6651514
6169695
5911581
5910178
5912737
6701596
6213947
5916789
5913943
7241682
6752293
6263009
5912198
5913363
7290127
6802064
7819096
7332351
6846114
5913796
5912845
7870252
7381782
6896074
5909218
5911548
5915439
7422993
6936026
5910486
5912786
5963200
7476421
6983775
5909455
5912361
6016611
7521936
7037263
5914817
5912257
5909721
5911751
5912738
6112641
7624831
7129544
5911148
5914870
5911110
7672931
7187825
6691998
6208305
5913872
5912029
5913838
6746063
6259870
7765214
7277208
5912357
5914396
5910524
5910649
5907865
5909536
7861496
7369157
6886699
6393096
5915020
5912309
5911040
5909646
6451908
5964530
7469331
5909922
5912227
5917558
5912204
7523378
7028533
6546037
5913228
5914839
7576185
5914138
5914130
7620960
7130308
6642829
5910678
5905453
5911734
7185079
6696122
6201500
5912450
5908916
5912430
5907819
6245377
7760238
5911664
5911888
5908546
6298693
7810782
5913843
5910415
5914085
5914728
5909040
6885964
6398158
5914122
5911868
7418003
6932548
6442577
5912097
5913142
7466212
5914387
6006554
7514972
5916302
5910617
5912976
6057061
7561194
7082913
6587851
5908523
5912070
5909349
5909227
5909972
6147886
7658518
7175004
6682059
6198840
7701799
7218443
6736313
6247454
5910688
5910523
5911623
5908175
5910326
5910450
5913445
5911226
5913187
5913981
5909527
7420359
6921815
6441131
5951847
7454189
6975858
6487805
6001283
7511715
7028046
6534130
6051544
7555761
6582652
6097791
7604479
7112537
6626174
6145867
7652291
7162690
6678645
5915238
5913361
5911853
5913226
5909835
5909980
7753071
7263671
6775564
6293392
7804278
7308530
5913598
5914026
5914785
5909812
5912253
5911457
7900266
7413412
6919684
6427735
5911918
5910427
7454369
6975222
5910892
5907906
5993874
7504326
5914665
5912063
6532131
6042989
5908917
5908662
7067634
6578871
5908867
7115098
6624200
5915065
5915284
7646058
7162773
5913427
5912657
5913300
7698299
7216628
5912734
5913087
6236587
7749609
7258348
5912026
5913604
6280542
7796754
5911610
5910500
6822662
6335521
5911187
6863894
6379782
5908071
5911099
5908944
6917029
6426480
5941437
5906713
5908867
6971487
6480249
5911661
5914596
7502732
7014077
6526282
5913288
5917118
7552433
7057571
5912118
File End


nios2-terminal: exiting due to ^C on host
