nios2-terminal: connected to hardware target using JTAG UART on cable
nios2-terminal: "USB-Blaster [USB-0]", device 1, instance 0
nios2-terminal: (Use the IDE stop button or Ctrl-C to terminate)

filename is: V1_72.MPG

Next file: V2_120.MPG

Next file: V3_300.MPG
Play
394626
392065
392148
391339
391983
391386
391378
392135
391983
391988
391875
391511
391260
391776
392025
391794
391389
391881
393170
392076
392103
390720
391935
391641
577328
391932
391761
392050
392065
390841
392040
391997
391982
392877
391498
392026
392129
392019
392060
391503
392099
392046
391980
391973
392023
392034
392070
392016
395298
391966
391671
391454
392030
391993
391876
391477
1458148
391920
392052
392365
391508
391671
391245
391943
392001
391634
392165
392072
391760
392324
391367
391527
394955
391337
392028
391982
392102
392081
391494
391409
391548
391239
391821
391540
391989
391830
391488
1998904
391627
392108
392050
392853
391388
391993
391498
391466
394857
391403
391923
392708
392108
391984
392144
390796
390833
391892
392062
392050
392024
391968
392154
391408
391432
392191
392095
391987
392142
391452
667247
391919
394775
392024
392196
392291
392553
391961
391497
391896
391966
391506
391880
391778
391377
391155
1050072
391534
392023
391880
391952
391501
391844
392031
391956
391457
394701
391464
391964
392791
391808
391320
392021
392109
392000
391346
391635
391178
391872
394863
392057
392035
391825
392390
392172
392613
392407
391667
391578
391805
710956
392160
392328
393068
392057
392450
392319
392214
392221
392212
392373
392257
392214
1886603
391609
392474
391752
391534
391591
391559
391657
390916
391392
391493
391632
391578
391605
391571
390962
392441
391635
391642
391582
391495
391475
391626
391636
394904
391423
392499
392006
392271
392785
391288
391733
392301
391899
391601
391641
391775
392248
392384
392360
391915
392420
392326
392096
392921
391457
390873
391436
394077
393048
393160
392114
392149
391641
1267546
391678
392002
392074
391533
392527
392104
392116
390807
391743
392639
392125
392100
391685
391927
392600
392149
391356
395356
391389
392238
391971
392019
391616
391502
391889
392069
392161
392489
391510
391916
391985
392116
391398
391455
391931
391720
391978
391399
392021
392091
392031
394929
392066
392105
391932
392585
391948
392228
391507
392068
392120
391975
392793
391486
392118
391805
392117
391580
1603785
391948
392055
392096
390823
391593
File End


nios2-terminal: exiting due to ^C on host
